   8430 34338394346
    135 34357640357
     31 34337292290
     19 34337292288
     18 34355571752
     11 34356390386
      6 34150298178
      6 23010838204
      5 34337477355
      5 34337368299
      5 34337292289
      4 34355571754
      4 34338352875
      4 34338329835
      4 34338328811
      4 34338321643
      4 34338316523
      4 34338225899
      4 34337505003
      4 34337404651
      4 34337385195
      4 34337379563
      4 34337378539
      4 34337371883
      4 34337365739
      4 34337346283
      4 23161443374
      4 23161443320
      4 23135542824
      4 23135541297
      4 23121476432
      3 34357450243
      3 34338374379
      3 34338363627
      3 34338362091
      3 34338355435
      3 34338353899
      3 34338353387
      3 34338351339
      3 34338347755
      3 34338344683
      3 34338344171
      3 34338340587
      3 34338338027
      3 34338336491
      3 34338313963
      3 34338296555
      3 34338278635
      3 34338263275
      3 34338260203
      3 34338257131
      3 34338227947
      3 34337532139
      3 34337490667
      3 34337474795
      3 34337429227
      3 34337427179
      3 34337424619
      3 34337416427
      3 34337406187
      3 34337395947
      3 34337392363
      3 34337391851
      3 34337391339
      3 34337385707
      3 34337359083
      3 34337358059
      3 34337356523
      3 34337344235
      3 23135541692
      3 23010838245
      2 34355803017
      2 34338396395
      2 34338392298
      2 34338391787
      2 34338385643
      2 34338383083
      2 34338378475
      2 34338377963
      2 34338374891
      2 34338373355
      2 34338372331
      2 34338369259
      2 34338366699
      2 34338366187
      2 34338361579
      2 34338359531
      2 34338358507
      2 34338357483
      2 34338349803
      2 34338347243
      2 34338345195
      2 34338341099
      2 34338340075
      2 34338335467
      2 34338333419
      2 34338331883
      2 34338327787
      2 34338326251
      2 34338325739
      2 34338323691
      2 34338311403
      2 34338310891
      2 34338304747
      2 34338304235
      2 34338303723
      2 34338303211
      2 34338297579
      2 34338295019
      2 34338294507
      2 34338290923
      2 34338288363
      2 34338283243
      2 34338281707
      2 34338281195
      2 34338279147
      2 34338277099
      2 34338276075
      2 34338275563
      2 34338268907
      2 34338265323
      2 34338256619
      2 34338236139
      2 34338232043
      2 34338209515
      2 34338202859
      2 34338196203
      2 34338193131
      2 34338165483
      2 34337559275
      2 34337555691
      2 34337553643
      2 34337552619
      2 34337550059
      2 34337530091
      2 34337526507
      2 34337507563
      2 34337503467
      2 34337497323
      2 34337492203
      2 34337474283
      2 34337471723
      2 34337467627
      2 34337464555
      2 34337447147
      2 34337435883
      2 34337433323
      2 34337430251
      2 34337428203
      2 34337420523
      2 34337417451
      2 34337414379
      2 34337412843
      2 34337409771
      2 34337409259
      2 34337407211
      2 34337405163
      2 34337400555
      2 34337399531
      2 34337399019
      2 34337398507
      2 34337394411
      2 34337393899
      2 34337393387
      2 34337392875
      2 34337390315
      2 34337388267
      2 34337386219
      2 34337384171
      2 34337380587
      2 34337377515
      2 34337372395
      2 34337364203
      2 34337363691
      2 34337363179
      2 34337360619
      2 34337358571
      2 34337355499
      2 34337354987
      2 34337353451
      2 34337352427
      2 34337351403
      2 34337350891
      2 34337350379
      2 34337348843
      2 34337348331
      2 34337346795
      2 34268983778
      2 23161443371
      2 23161443352
      2 23121476128
      2 23010838246
      1 34356659146
      1 34355583189
      1 34355583188
      1 34338391275
      1 34338390763
      1 34338390251
      1 34338389227
      1 34338388613
      1 34338387691
      1 34338387179
      1 34338387077
      1 34338386667
      1 34338383982
      1 34338382571
      1 34338381547
      1 34338381035
      1 34338380011
      1 34338379499
      1 34338377451
      1 34338376939
      1 34338376427
      1 34338375403
      1 34338371307
      1 34338370283
      1 34338368747
      1 34338368235
      1 34338365675
      1 34338365484
      1 34338363115
      1 34338362818
      1 34338360986
      1 34338360555
      1 34338350315
      1 34338346219
      1 34338343659
      1 34338343165
      1 34338342635
      1 34338342123
      1 34338341611
      1 34338339563
      1 34338339051
      1 34338334955
      1 34338333931
      1 34338332395
      1 34338331371
      1 34338329323
      1 34338328299
      1 34338327275
      1 34338327274
      1 34338325227
      1 34338324715
      1 34338324203
      1 34338323179
      1 34338322155
      1 34338321131
      1 34338320619
      1 34338318571
      1 34338315499
      1 34338314987
      1 34338314475
      1 34338312427
      1 34338311915
      1 34338309069
      1 34338308843
      1 34338308331
      1 34338307369
      1 34338307307
      1 34338306724
      1 34338305035
      1 34338301675
      1 34338301548
      1 34338301163
      1 34338300989
      1 34338298832
      1 34338298603
      1 34338296043
      1 34338295531
      1 34338293995
      1 34338293483
      1 34338292459
      1 34338291947
      1 34338289899
      1 34338289387
      1 34338287851
      1 34338286315
      1 34338285803
      1 34338284779
      1 34338282731
      1 34338282219
      1 34338282116
      1 34338281359
      1 34338280682
      1 34338280171
      1 34338279659
      1 34338276740
      1 34338275051
      1 34338273515
      1 34338272491
      1 34338271979
      1 34338269931
      1 34338268395
      1 34338267371
      1 34338266859
      1 34338265834
      1 34338265191
      1 34338264299
      1 34338263787
      1 34338262841
      1 34338262763
      1 34338261739
      1 34338260715
      1 34338260644
      1 34338259691
      1 34338258155
      1 34338257643
      1 34338255595
      1 34338254571
      1 34338254059
      1 34338248427
      1 34338247915
      1 34338246379
      1 34338245867
      1 34338245355
      1 34338245173
      1 34338242795
      1 34338241259
      1 34338240235
      1 34338238699
      1 34338237675
      1 34338237163
      1 34338233579
      1 34338231531
      1 34338231019
      1 34338230249
      1 34338229995
      1 34338229483
      1 34338228971
      1 34338226923
      1 34338225387
      1 34338222827
      1 34338221803
      1 34338221291
      1 34338220267
      1 34338219755
      1 34338218731
      1 34338218219
      1 34338216962
      1 34338215147
      1 34338214635
      1 34338212587
      1 34338212075
      1 34338211563
      1 34338211051
      1 34338210539
      1 34338207979
      1 34338200811
      1 34338199275
      1 34338198251
      1 34338195179
      1 34338192107
      1 34338191595
      1 34338189035
      1 34338188523
      1 34338186475
      1 34338185451
      1 34338184427
      1 34338183915
      1 34338180843
      1 34338179307
      1 34338178255
      1 34338176235
      1 34338175723
      1 34338174187
      1 34338172651
      1 34338172139
      1 34338168555
      1 34338168043
      1 34338167531
      1 34338165995
      1 34338158119
      1 34338156779
      1 34338155755
      1 34338149099
      1 34338146027
      1 34338145003
      1 34338140497
      1 34338134251
      1 34338133739
      1 34338131179
      1 34338124011
      1 34338120427
      1 34338117355
      1 34338116843
      1 34338112340
      1 34338108651
      1 34338106603
      1 34338106091
      1 34338096875
      1 34338085099
      1 34338079467
      1 34338062059
      1 34338041579
      1 34338037995
      1 34338017515
      1 34337999595
      1 34337988331
      1 34337729259
      1 34337639659
      1 34337631979
      1 34337629931
      1 34337622251
      1 34337615083
      1 34337607915
      1 34337606891
      1 34337605355
      1 34337601771
      1 34337598699
      1 34337598187
      1 34337593855
      1 34337592043
      1 34337589078
      1 34337580779
      1 34337580267
      1 34337579755
      1 34337575935
      1 34337573611
      1 34337573099
      1 34337571563
      1 34337571327
      1 34337569515
      1 34337568491
      1 34337566443
      1 34337565419
      1 34337556715
      1 34337551595
      1 34337549547
      1 34337548011
      1 34337547775
      1 34337546475
      1 34337545398
      1 34337544439
      1 34337542926
      1 34337542379
      1 34337538795
      1 34337534746
      1 34337532651
      1 34337529067
      1 34337525995
      1 34337524459
      1 34337523947
      1 34337521387
      1 34337520875
      1 34337518315
      1 34337514731
      1 34337513962
      1 34337513707
      1 34337512683
      1 34337511423
      1 34337511147
      1 34337510635
      1 34337508075
      1 34337506539
      1 34337503979
      1 34337502955
      1 34337502207
      1 34337500395
      1 34337495275
      1 34337494251
      1 34337493227
      1 34337490155
      1 34337489704
      1 34337489643
      1 34337488619
      1 34337486195
      1 34337485823
      1 34337485035
      1 34337483499
      1 34337482987
      1 34337481963
      1 34337481215
      1 34337479403
      1 34337477867
      1 34337477631
      1 34337476331
      1 34337475372
      1 34337474047
      1 34337473771
      1 34337470975
      1 34337470699
      1 34337467783
      1 34337465067
      1 34337463531
      1 34337462507
      1 34337462506
      1 34337461995
      1 34337461483
      1 34337460459
      1 34337460397
      1 34337458627
      1 34337458411
      1 34337458083
      1 34337456875
      1 34337455851
      1 34337455339
      1 34337454827
      1 34337453291
      1 34337451755
      1 34337450731
      1 34337450587
      1 34337450219
      1 34337449195
      1 34337448683
      1 34337448171
      1 34337445611
      1 34337445099
      1 34337444587
      1 34337444075
      1 34337441515
      1 34337441003
      1 34337440255
      1 34337439979
      1 34337438955
      1 34337438443
      1 34337437052
      1 34337436925
      1 34337436907
      1 34337436395
      1 34337435371
      1 34337434347
      1 34337433835
      1 34337431275
      1 34337430763
      1 34337430368
      1 34337429739
      1 34337427691
      1 34337426155
      1 34337425131
      1 34337423595
      1 34337423083
      1 34337422571
      1 34337422059
      1 34337419099
      1 34337418475
      1 34337417963
      1 34337416939
      1 34337415915
      1 34337412331
      1 34337409535
      1 34337408235
      1 34337407723
      1 34337406699
      1 34337404274
      1 34337404139
      1 34337403627
      1 34337403115
      1 34337401579
      1 34337401067
      1 34337400844
      1 34337400043
      1 34337397483
      1 34337396459
      1 34337395435
      1 34337394891
      1 34337391663
      1 34337390827
      1 34337389291
      1 34337388779
      1 34337386731
      1 34337386017
      1 34337384683
      1 34337383659
      1 34337383658
      1 34337383147
      1 34337382635
      1 34337382123
      1 34337381611
      1 34337380075
      1 34337379412
      1 34337379051
      1 34337378279
      1 34337375467
      1 34337374955
      1 34337374443
      1 34337373931
      1 34337372907
      1 34337370859
      1 34337370347
      1 34337369323
      1 34337367660
      1 34337367275
      1 34337366251
      1 34337363787
      1 34337362714
      1 34337362155
      1 34337360107
      1 34337359595
      1 34337357547
      1 34337356011
      1 34337351915
      1 34337349867
      1 34337348552
      1 34282338056
      1 34268983284
      1 34268979838
      1 34216460872
      1 34216459823
      1 34150302165
      1 34150298179
      1 34150298177
      1 34150268928
      1 34147739542
      1 34108838345
      1 23161443378
      1 23161443373
      1 23161443370
      1 23161443361
      1 23161443360
      1 23161443358
      1 23161443357
      1 23161443354
      1 23161443353
      1 23161443346
      1 23161443344
      1 23161443342
      1 23161443340
      1 23161443336
      1 23161443334
      1 23161443331
      1 23161443329
      1 23161443315
      1 23161443314
      1 23161443311
      1 23161443306
      1 23161443305
      1 23161443289
      1 23161443284
      1 23135542231
      1 23121476492
      1 23121476388
      1 23121476249
      1 23121475986
      1 23121475916
      1 23047389751
      1 23047389717
