34299095729	173587
34297987074	484
34282403325	391
34282405374	381
34297987072	354
34358468338	220
23005018215	201
34356939408	146
34357450243	137
34297987073	135
34359650282	116
34358487776	68
34217836437	68
34105796680	67
34285047929	63
34105838704	58
34282394622	55
23005021226	55
34359650279	42
34359663908	40
34105492472	39
34356390386	35
23003012745	35
34299079346	34
34299075762	33
34299001522	33
34105700348	33
34299080882	32
34299073202	32
34299046578	32
34299044018	32
34299077810	31
34299075250	31
34299067570	31
34299035314	31
34298088626	31
34298068658	31
34298052274	31
23003013998	31
34358468337	30
34299091634	30
34299076786	30
34298130098	30
34298078386	30
34298052786	30
34299078322	29
34299053746	29
34299030194	29
34299029682	29
34299013810	29
34298124978	29
34298069682	29
34298067634	29
34298065586	29
34298056882	29
34298055346	29
34298051762	29
34299063986	28
34299060914	28
34299058866	28
34299052722	28
34299022514	28
34298120882	28
34298118834	28
34298108594	28
34298106034	28
34298093746	28
34298077874	28
34298076850	28
34298065074	28
34298060466	28
34298054322	28
34298053810	28
34298048690	28
34299089586	27
34299073714	27
34299071154	27
34299065010	27
34299056818	27
34299054770	27
34299046066	27
34299045554	27
34299034290	27
34299028658	27
34299010226	27
34298991794	27
34298097330	27
34298095794	27
34298085042	27
34298074802	27
34298071730	27
34298064562	27
34298055858	27
34298049202	27
34105689080	27
23135541297	27
34355628245	26
34299092658	26
34299069106	26
34299067058	26
34299066546	26
34299063474	26
34299061426	26
34299055794	26
34299019954	26
34299016882	26
34298147506	26
34298143410	26
34298142898	26
34298140338	26
34298139314	26
34298132146	26
34298121394	26
34298113714	26
34298098354	26
34298096818	26
34298091698	26
34298072242	26
34298070194	26
34298067122	26
34298050738	26
34299089074	25
34299088562	25
34299056306	25
34299051186	25
34299033778	25
34299031730	25
34299029170	25
34299017394	25
34299013298	25
34298993330	25
34298146994	25
34298117810	25
34298109106	25
34298106546	25
34298105010	25
34298101426	25
34298092722	25
34298086066	25
34298083506	25
34298080946	25
34298058418	25
34299093681	24
34299092146	24
34299082930	24
34299082418	24
34299072690	24
34299072178	24
34299062450	24
34299050674	24
34299042482	24
34299039922	24
34299033266	24
34299025074	24
34298980018	24
34298970802	24
34298154162	24
34298136242	24
34298128050	24
34298127538	24
34298121906	24
34298116786	24
34298107058	24
34298079922	24
34298078898	24
34298075826	24
34298066098	24
34298063538	24
34298057906	24
34298053298	24
34298050226	24
34298047666	24
34298045618	24
34299087538	23
34299081394	23
34299077298	23
34299065522	23
34299055282	23
34299039410	23
34299037874	23
34299009714	23
34298157746	23
34298141874	23
34298139826	23
34298114226	23
34298099890	23
34298091186	23
34298081970	23
34298080434	23
34298073266	23
34298071218	23
34298062002	23
34298057394	23
34298047154	23
34299090098	22
34299086514	22
34299084978	22
34299081906	22
34299054258	22
34299047090	22
34299045042	22
34299038898	22
34299036338	22
34299020466	22
34299015858	22
34299015346	22
34299007666	22
34299005106	22
34299001010	22
34298998450	22
34298972338	22
34298175666	22
34298141362	22
34298133682	22
34298113202	22
34298099378	22
34298098866	22
34298096306	22
34298094770	22
34298094258	22
34298085554	22
34298077362	22
34298075314	22
34298069170	22
34298059442	22
34298049714	22
34298048178	22
34285043719	22
34282403324	22
34282403308	22
34299079858	21
34299078834	21
34299071666	21
34299068082	21
34299052210	21
34299049650	21
34299048114	21
34299034802	21
34299022002	21
34299021490	21
34298998962	21
34298995890	21
34298994866	21
34298989746	21
34298987186	21
34298983602	21
34298966194	21
34298965682	21
34298151602	21
34298143922	21
34298138802	21
34298128562	21
34298115762	21
34298112690	21
34298110642	21
34298105522	21
34298097842	21
34298089650	21
34298089138	21
34298088114	21
34298073778	21
34298072754	21
34298059954	21
34298058930	21
34298051250	21
34298046130	21
23003013342	21
34299091122	20
34299090610	20
34299083442	20
34299074738	20
34299069618	20
34299066034	20
34299060402	20
34299059890	20
34299051698	20
34299050162	20
34299047602	20
34299044530	20
34299041458	20
34299024562	20
34299018930	20
34299017906	20
34299008690	20
34298999474	20
34298995378	20
34298959026	20
34298918578	20
34298155698	20
34298155186	20
34298151090	20
34298137266	20
34298135730	20
34298131634	20
34298124466	20
34298123442	20
34298117298	20
34298115250	20
34298108082	20
34298102450	20
34298092210	20
34298084530	20
34298081458	20
34298063026	20
34298061490	20
34298056370	20
34299080370	19
34299076274	19
34299070130	19
34299061938	19
34299057842	19
34299038386	19
34299032754	19
34299025586	19
34299023538	19
34299020978	19
34299014834	19
34299012274	19
34299005618	19
34298980530	19
34298979506	19
34298978994	19
34298948786	19
34298188466	19
34298180786	19
34298157234	19
34298150578	19
34298145458	19
34298126514	19
34298110130	19
34298107570	19
34298100914	19
34298100402	19
34298095282	19
34298093234	19
34298090162	19
34298087602	19
34298074290	19
34298066610	19
34298060978	19
23005021020	19
34299093170	18
34299087026	18
34299074226	18
34299070642	18
34299064498	18
34299032242	18
34299019442	18
34299012786	18
34299011250	18
34299009202	18
34299007154	18
34299002034	18
34298988210	18
34298987698	18
34298984626	18
34298984114	18
34298962610	18
34298207410	18
34298175154	18
34298170034	18
34298169522	18
34298166450	18
34298163890	18
34298160818	18
34298154674	18
34298149042	18
34298148018	18
34298146482	18
34298138290	18
34298135218	18
34298123954	18
34298122418	18
34298119346	18
34298109618	18
34298102962	18
34298090674	18
34298084018	18
34298076338	18
34299083954	17
34299059378	17
34299057330	17
34299049138	17
34299043506	17
34299042994	17
34299036850	17
34299028146	17
34299023026	17
34299018418	17
34299014322	17
34299010738	17
34299004594	17
34299004082	17
34298999986	17
34298966706	17
34298949810	17
34298947250	17
34298940082	17
34298230962	17
34298201778	17
34298197170	17
34298166962	17
34298158770	17
34298156722	17
34298152626	17
34298148530	17
34298144946	17
34298132658	17
34298120370	17
34298103986	17
34298101938	17
34298086578	17
34298070706	17
34298046642	17
34282394623	17
34105689591	17
34355628244	16
34299085490	16
34299058354	16
34299048626	16
34299041970	16
34299040434	16
34299037362	16
34299031218	16
34299030706	16
34299027634	16
34299008178	16
34299006130	16
34299003058	16
34299000498	16
34298991282	16
34298985650	16
34298981554	16
34298977970	16
34298974898	16
34298967218	16
34298961586	16
34298957490	16
34298944178	16
34298205362	16
34298196658	16
34298191538	16
34298183858	16
34298183346	16
34298182322	16
34298178738	16
34298161842	16
34298160306	16
34298156210	16
34298153138	16
34298145970	16
34298136754	16
34298126002	16
34298122930	16
34298114738	16
34298111154	16
34298062514	16
34299068594	15
34299062962	15
34299053234	15
34299040946	15
34299026098	15
34299006642	15
34299002546	15
34298997938	15
34298996402	15
34298993842	15
34298990770	15
34298990258	15
34298988722	15
34298974386	15
34298973362	15
34298968242	15
34298964146	15
34298947762	15
34298946226	15
34298942130	15
34298940594	15
34298930866	15
34298927282	15
34298196146	15
34298192050	15
34298187442	15
34298179250	15
34298177202	15
34298176178	15
34298167986	15
34298164914	15
34298163378	15
34298142386	15
34298131122	15
34298129074	15
34298112178	15
34298111666	15
34298103474	15
34298087090	15
34298082994	15
34298079410	15
23005021470	15
34299016370	14
34299011762	14
34298997426	14
34298994354	14
34298992306	14
34298989234	14
34298982066	14
34298977458	14
34298976946	14
34298972850	14
34298962098	14
34298946738	14
34298937010	14
34298936498	14
34298923698	14
34298918066	14
34298209458	14
34298207922	14
34298206898	14
34298200242	14
34298199218	14
34298182834	14
34298181810	14
34298177714	14
34298176690	14
34298174642	14
34298174130	14
34298172594	14
34298171570	14
34298169010	14
34298165938	14
34298165426	14
34298162354	14
34298158258	14
34298153650	14
34298150066	14
34298144434	14
34298137778	14
34298134194	14
34298133170	14
34298129586	14
34298054834	14
23003012513	14
34357450242	13
34299086002	13
34299084466	13
34299035826	13
34299024050	13
34299003570	13
34298996914	13
34298992818	13
34298985138	13
34298976434	13
34298973874	13
34298969266	13
34298964658	13
34298963634	13
34298953394	13
34298952882	13
34298939570	13
34298938546	13
34298930354	13
34298929842	13
34298928306	13
34298917042	13
34298916018	13
34298890418	13
34298218674	13
34298211506	13
34298198706	13
34298195634	13
34298193586	13
34298191026	13
34298189490	13
34298181298	13
34298180274	13
34298170546	13
34298168498	13
34298162866	13
34298134706	13
34298127026	13
34298125490	13
34298068146	13
34359650283	12
34299088050	12
34299027122	12
34298986674	12
34298982578	12
34298975410	12
34298971826	12
34298969778	12
34298965170	12
34298961074	12
34298958514	12
34298958002	12
34298956466	12
34298953906	12
34298951858	12
34298951346	12
34298950834	12
34298949298	12
34298948274	12
34298944690	12
34298943666	12
34298941106	12
34298912946	12
34298910386	12
34298879666	12
34298260658	12
34298228914	12
34298213554	12
34298209970	12
34298205874	12
34298202290	12
34298198194	12
34298194610	12
34298173106	12
34298159282	12
34298152114	12
34298140850	12
34298130610	12
34298118322	12
34298116274	12
23005020990	12
34358487760	11
34298963122	11
34298955442	11
34298935986	11
34298935474	11
34298931890	11
34298926258	11
34298925234	11
34298924210	11
34298915506	11
34298912434	11
34298908850	11
34298243762	11
34298233522	11
34298229426	11
34298226866	11
34298223282	11
34298220210	11
34298212018	11
34298210994	11
34298208946	11
34298206386	11
34298193074	11
34298186930	11
34298172082	11
34298159794	11
34298119858	11
34298082482	11
34105460215	11
23005021290	11
23003014441	11
34299026610	10
34298983090	10
34298978482	10
34298975922	10
34298971314	10
34298970290	10
34298968754	10
34298960050	10
34298956978	10
34298945202	10
34298943154	10
34298942642	10
34298941618	10
34298938034	10
34298933426	10
34298931378	10
34298928818	10
34298923186	10
34298917554	10
34298916530	10
34298914482	10
34298906290	10
34298892466	10
34298891442	10
34298888370	10
34298887346	10
34298863794	10
34298235058	10
34298230450	10
34298224818	10
34298219186	10
34298216626	10
34298214066	10
34298204850	10
34298203314	10
34298197682	10
34298190002	10
34298188978	10
34298185906	10
34298184882	10
34298167474	10
34298164402	10
34298104498	10
23005021265	10
23003012746	10
34298986162	9
34298981042	9
34298960562	9
34298959538	9
34298952370	9
34298939058	9
34298934962	9
34298932402	9
34298925746	9
34298921138	9
34298913970	9
34298911410	9
34298906802	9
34298904754	9
34298903730	9
34298901170	9
34298898098	9
34298897586	9
34298894514	9
34298892978	9
34298888882	9
34298873522	9
34298866354	9
34298284210	9
34298247858	9
34298236082	9
34298231474	9
34298228402	9
34298227378	9
34298225330	9
34298223794	9
34298222770	9
34298219698	9
34298203826	9
34298202802	9
34298199730	9
34298192562	9
34298186418	9
34298185394	9
34298161330	9
34298149554	9
34298064050	9
23135542824	9
23005021112	9
23003021811	9
34358487759	8
34298955954	8
34298954930	8
34298934450	8
34298932914	8
34298929330	8
34298926770	8
34298924722	8
34298919602	8
34298914994	8
34298911922	8
34298909874	8
34298902706	8
34298901682	8
34298900658	8
34298898610	8
34298889394	8
34298880690	8
34298877106	8
34298858674	8
34298291890	8
34298281650	8
34298277042	8
34298272946	8
34298271410	8
34298265266	8
34298254514	8
34298251954	8
34298250418	8
34298249394	8
34298241202	8
34298240690	8
34298235570	8
34298231986	8
34298227890	8
34298216114	8
34298215602	8
34298204338	8
34298200754	8
34298195122	8
34298187954	8
34298179762	8
34285043767	8
34282405375	8
23005024996	8
23003012509	8
34298967730	7
34298954418	7
34298922674	7
34298922162	7
34298920626	7
34298913458	7
34298907314	7
34298905266	7
34298899634	7
34298899122	7
34298894002	7
34298891954	7
34298885298	7
34298884786	7
34298879154	7
34298878130	7
34298872498	7
34298869938	7
34298866866	7
34298857138	7
34298856626	7
34298854578	7
34298848946	7
34298842290	7
34298841266	7
34298272434	7
34298269362	7
34298266802	7
34298264754	7
34298261170	7
34298260146	7
34298256562	7
34298249906	7
34298248370	7
34298246834	7
34298244274	7
34298240178	7
34298239666	7
34298239154	7
34298238130	7
34298237618	7
34298234546	7
34298233010	7
34298224306	7
34298222258	7
34298214578	7
34298213042	7
34298201266	7
34298184370	7
34298178226	7
34298173618	7
7133744357	6
34359650278	6
34356659146	6
34298945714	6
34298920114	6
34298904242	6
34298903218	6
34298902194	6
34298897074	6
34298896050	6
34298893490	6
34298886322	6
34298882226	6
34298881714	6
34298876594	6
34298876082	6
34298874034	6
34298871474	6
34298870450	6
34298869426	6
34298867378	6
34298862770	6
34298855602	6
34298853042	6
34298852530	6
34298852018	6
34298840242	6
34298837682	6
34298836658	6
34298823858	6
34298822834	6
34298295474	6
34298286258	6
34298280626	6
34298274482	6
34298266290	6
34298263730	6
34298258610	6
34298257074	6
34298255538	6
34298250930	6
34298247346	6
34298246322	6
34298245298	6
34298243250	6
34298238642	6
34298237106	6
34298225842	6
34298221746	6
34298220722	6
34298218162	6
34298217138	6
34298210482	6
34298194098	6
34298190514	6
34298171058	6
34252285070	6
34241164981	6
34217803777	6
23005024196	6
23003015574	6
34321927485	5
34298937522	5
34298919090	5
34298910898	5
34298909362	5
34298907826	5
34298900146	5
34298896562	5
34298895538	5
34298895026	5
34298885810	5
34298883762	5
34298875058	5
34298874546	5
34298873010	5
34298871986	5
34298868402	5
34298867890	5
34298863282	5
34298861746	5
34298859698	5
34298859186	5
34298851506	5
34298850994	5
34298850482	5
34298849970	5
34298844338	5
34298842802	5
34298824370	5
34298820274	5
34298807986	5
34298344114	5
34298333874	5
34298329778	5
34298328754	5
34298315954	5
34298309810	5
34298300594	5
34298298034	5
34298285234	5
34298283186	5
34298282162	5
34298281138	5
34298280114	5
34298279090	5
34298278578	5
34298275506	5
34298274994	5
34298273970	5
34298268338	5
34298267314	5
34298262194	5
34298261682	5
34298259634	5
34298258098	5
34298257586	5
34298256050	5
34298245810	5
34298241714	5
34298236594	5
34298234034	5
34298232498	5
34298226354	5
34298221234	5
34298217650	5
34298208434	5
34285051094	5
34105903532	5
23135541692	5
23047389764	5
23047389751	5
23047389717	5
23047389715	5
23005022589	5
34321793025	4
34299012273	4
34298933938	4
34298927794	4
34298921650	4
34298905778	4
34298890930	4
34298887858	4
34298886834	4
34298883250	4
34298881202	4
34298878642	4
34298868914	4
34298865842	4
34298865330	4
34298860722	4
34298860210	4
34298854066	4
34298853554	4
34298845362	4
34298844850	4
34298843826	4
34298843314	4
34298835122	4
34298828978	4
34298825906	4
34298825394	4
34298824882	4
34298817714	4
34298817202	4
34298816178	4
34298811058	4
34298798770	4
34298786994	4
34298783922	4
34298347186	4
34298332338	4
34298329266	4
34298325682	4
34298313394	4
34298312882	4
34298305714	4
34298303666	4
34298301618	4
34298298546	4
34298297522	4
34298297010	4
34298294450	4
34298293426	4
34298290354	4
34298288818	4
34298283698	4
34298277554	4
34298270898	4
34298270386	4
34298267826	4
34298265778	4
34298263218	4
34298259122	4
34298255026	4
34298253490	4
34298251442	4
34298229938	4
34298212530	4
34298144945	4
34285047930	4
34282403326	4
34252288991	4
34252288989	4
34252288495	4
34249334972	4
34105910045	4
23135542231	4
23005021429	4
23003023996	4
7920159244	3
6218708549	3
34299004593	3
34298950322	3
34298908338	3
34298884274	3
34298882738	3
34298877618	3
34298870962	3
34298864306	3
34298862258	3
34298858162	3
34298857650	3
34298855090	3
34298847410	3
34298846386	3
34298840754	3
34298839730	3
34298837170	3
34298834098	3
34298832050	3
34298827442	3
34298826418	3
34298823346	3
34298819250	3
34298818226	3
34298816690	3
34298815666	3
34298815154	3
34298810034	3
34298809010	3
34298804914	3
34298798258	3
34298792626	3
34298781874	3
34298775730	3
34298389682	3
34298372274	3
34298358450	3
34298341042	3
34298330802	3
34298324146	3
34298321586	3
34298319538	3
34298319026	3
34298318847	3
34298317490	3
34298310322	3
34298308786	3
34298308274	3
34298307762	3
34298307250	3
34298305202	3
34298304690	3
34298287794	3
34298287282	3
34298286770	3
34298282674	3
34298276018	3
34298268850	3
34298254002	3
34298252978	3
34298252466	3
34298248882	3
34298244786	3
34298242226	3
34298215090	3
34298182321	3
34285045881	3
34282340383	3
34249179136	3
34217837020	3
34217803776	3
34105936090	3
34105910053	3
34105689592	3
23047389817	3
23005024515	3
23005022187	3
23005018244	3
23003025517	3
23003021810	3
23003015575	3
11523512810	3
11243894205	3
9067787557	2
7920159272	2
7133744360	2
7133744345	2
34358868307	2
34356390385	2
34355628242	2
34355583189	2
34321927487	2
34321926988	2
34312028175	2
34299097778	2
34299092145	2
34299057841	2
34299049137	2
34298989233	2
34298903217	2
34298880178	2
34298864818	2
34298849458	2
34298848434	2
34298847922	2
34298845874	2
34298838706	2
34298838194	2
34298836146	2
34298832562	2
34298831538	2
34298831026	2
34298830514	2
34298830002	2
34298828466	2
34298826930	2
34298821298	2
34298819762	2
34298818738	2
34298814642	2
34298813618	2
34298813106	2
34298812082	2
34298811570	2
34298808498	2
34298805938	2
34298803890	2
34298802866	2
34298801330	2
34298800818	2
34298800306	2
34298797746	2
34298796210	2
34298795698	2
34298791602	2
34298790578	2
34298785970	2
34298785458	2
34298784946	2
34298784434	2
34298782386	2
34298781362	2
34298774706	2
34298773682	2
34298773170	2
34298771634	2
34298766002	2
34298762930	2
34298761394	2
34298757810	2
34298755762	2
34298744498	2
34298741938	2
34298740402	2
34298702514	2
34298679474	2
34298409650	2
34298405554	2
34298405042	2
34298395826	2
34298390194	2
34298384562	2
34298382514	2
34298378930	2
34298376882	2
34298375858	2
34298368690	2
34298368178	2
34298367666	2
34298363570	2
34298358962	2
34298357938	2
34298354354	2
34298349234	2
34298348210	2
34298345138	2
34298344626	2
34298343602	2
34298343090	2
34298340018	2
34298335922	2
34298334898	2
34298333362	2
34298331826	2
34298326194	2
34298322098	2
34298321074	2
34298316978	2
34298315442	2
34298311858	2
34298309298	2
34298302130	2
34298301106	2
34298300082	2
34298299570	2
34298299058	2
34298296498	2
34298295986	2
34298293938	2
34298292914	2
34298292402	2
34298290866	2
34298289842	2
34298288306	2
34298284722	2
34298279602	2
34298278066	2
34298273458	2
34298271922	2
34298269874	2
34298264242	2
34298262706	2
34298258431	2
34298257073	2
34298223281	2
34298194609	2
34298106473	2
34298071551	2
34298054655	2
34298052607	2
34285056599	2
34282340400	2
34282340352	2
34282307602	2
34252288990	2
34249334475	2
34105939623	2
34105851906	2
34105788484	2
34105460216	2
23135541689	2
23047389888	2
23005024195	2
23005022735	2
23005021521	2
23005021306	2
23005017988	2
23005017645	2
23003027530	2
23003023993	2
23003022839	2
23003022834	2
23003021782	2
23003021485	2
23003021004	2
23003017606	2
23003017025	2
23003016860	2
23003013986	2
23003013950	2
23003013926	2
23003013831	2
23003013357	2
23003013352	2
23003013348	2
23003012490	2
22967534603	2
22967534576	2
22967534560	2
15362651194	2
15362651164	2
15362651155	2
15362651146	2
15362651137	2
15362651136	2
14539463350	2
13542224383	2
13542224364	2
11614572120	2
11523512799	2
9761049158	1
9761049157	1
8528612271	1
7920159237	1
7878716032	1
7133744359	1
7133744349	1
6218708551	1
5926806140	1
5788900571	1
34359650280	1
34358487866	1
34358487765	1
34356867359	1
34355583188	1
34321924938	1
34321866956	1
34321866889	1
34321866886	1
34299104552	1
34299103005	1
34299095730	1
34299093549	1
34299093463	1
34299093083	1
34299092838	1
34299092642	1
34299092221	1
34299091936	1
34299091802	1
34299091633	1
34299090759	1
34299090428	1
34299089412	1
34299089399	1
34299089226	1
34299089025	1
34299088809	1
34299088420	1
34299088295	1
34299088235	1
34299087871	1
34299087817	1
34299087804	1
34299087040	1
34299086672	1
34299086477	1
34299085993	1
34299085615	1
34299085350	1
34299084724	1
34299084548	1
34299084545	1
34299084195	1
34299083775	1
34299083380	1
34299083175	1
34299082350	1
34299082112	1
34299081786	1
34299081370	1
34299081127	1
34299080903	1
34299080846	1
34299080811	1
34299080731	1
34299080369	1
34299080252	1
34299079973	1
34299079710	1
34299079295	1
34299078965	1
34299078776	1
34299078581	1
34299078521	1
34299078314	1
34299078162	1
34299077748	1
34299077575	1
34299077343	1
34299076897	1
34299075783	1
34299075587	1
34299075433	1
34299075279	1
34299075062	1
34299074366	1
34299074107	1
34299073832	1
34299073712	1
34299073133	1
34299073023	1
34299072833	1
34299070892	1
34299070243	1
34299070127	1
34299070100	1
34299070002	1
34299069775	1
34299069268	1
34299069105	1
34299068515	1
34299068378	1
34299067817	1
34299067784	1
34299067716	1
34299067585	1
34299067466	1
34299067294	1
34299067031	1
34299065901	1
34299065680	1
34299065674	1
34299065605	1
34299065482	1
34299065338	1
34299064607	1
34299064436	1
34299063985	1
34299063720	1
34299063362	1
34299062490	1
34299061731	1
34299061400	1
34299061065	1
34299060949	1
34299060608	1
34299060100	1
34299059889	1
34299059861	1
34299059818	1
34299059472	1
34299059384	1
34299058999	1
34299058776	1
34299058731	1
34299058619	1
34299058175	1
34299058157	1
34299058128	1
34299058111	1
34299057493	1
34299057160	1
34299057151	1
34299056929	1
34299056919	1
34299056817	1
34299056684	1
34299056127	1
34299055793	1
34299055534	1
34299055461	1
34299055361	1
34299055336	1
34299055143	1
34299054909	1
34299054394	1
34299054109	1
34299054020	1
34299053915	1
34299053859	1
34299052770	1
34299052624	1
34299052583	1
34299052548	1
34299052462	1
34299052216	1
34299052031	1
34299051188	1
34299050803	1
34299050265	1
34299049130	1
34299048824	1
34299048507	1
34299048506	1
34299047531	1
34299047222	1
34299047045	1
34299046886	1
34299046837	1
34299046452	1
34299046338	1
34299046100	1
34299045717	1
34299045590	1
34299045313	1
34299045301	1
34299044983	1
34299044247	1
34299044155	1
34299044107	1
34299044066	1
34299043825	1
34299043288	1
34299043255	1
34299043052	1
34299043043	1
34299042978	1
34299042924	1
34299042815	1
34299042805	1
34299042307	1
34299041791	1
34299041329	1
34299041266	1
34299041084	1
34299040883	1
34299040741	1
34299040401	1
34299039430	1
34299038519	1
34299038428	1
34299038043	1
34299037797	1
34299037614	1
34299037398	1
34299037279	1
34299037206	1
34299037044	1
34299036988	1
34299036871	1
34299036756	1
34299036034	1
34299035218	1
34299035060	1
34299034745	1
34299034623	1
34299034377	1
34299034238	1
34299034228	1
34299033922	1
34299033748	1
34299033580	1
34299033211	1
34299032964	1
34299032727	1
34299032627	1
34299032120	1
34299032070	1
34299031526	1
34299031470	1
34299031003	1
34299030618	1
34299030610	1
34299030302	1
34299030180	1
34299030151	1
34299030100	1
34299029706	1
34299029370	1
34299029177	1
34299028970	1
34299028426	1
34299028359	1
34299028217	1
34299028022	1
34299027717	1
34299027200	1
34299026709	1
34299026475	1
34299026238	1
34299025853	1
34299025354	1
34299025322	1
34299024817	1
34299024522	1
34299024395	1
34299024353	1
34299024196	1
34299024147	1
34299024126	1
34299023774	1
34299023752	1
34299023555	1
34299023552	1
34299023385	1
34299022181	1
34299022121	1
34299021632	1
34299021604	1
34299021501	1
34299020191	1
34299019376	1
34299018941	1
34299018807	1
34299018607	1
34299018522	1
34299018417	1
34299017530	1
34299017494	1
34299017468	1
34299017101	1
34299016704	1
34299016674	1
34299016342	1
34299016191	1
34299014739	1
34299014655	1
34299014631	1
34299014143	1
34299013520	1
34299013377	1
34299013068	1
34299012498	1
34299012488	1
34299012219	1
34299012132	1
34299011197	1
34299009749	1
34299009119	1
34299009053	1
34299008511	1
34299008422	1
34299007617	1
34299006741	1
34299006656	1
34299006596	1
34299006281	1
34299006218	1
34299005952	1
34299005933	1
34299005286	1
34299005107	1
34299004890	1
34299004527	1
34299003733	1
34299003681	1
34299003390	1
34299002343	1
34299001930	1
34299001385	1
34299000991	1
34299000878	1
34299000544	1
34299000462	1
34298999539	1
34298999470	1
34298999326	1
34298999062	1
34298999008	1
34298998783	1
34298998489	1
34298998271	1
34298997848	1
34298997038	1
34298996735	1
34298996718	1
34298995280	1
34298994622	1
34298994423	1
34298993692	1
34298993677	1
34298993560	1
34298992639	1
34298992186	1
34298991347	1
34298990257	1
34298990044	1
34298989608	1
34298989349	1
34298989285	1
34298989072	1
34298988924	1
34298988475	1
34298988035	1
34298987883	1
34298987465	1
34298987437	1
34298987373	1
34298986218	1
34298985983	1
34298985943	1
34298985824	1
34298985651	1
34298985344	1
34298985242	1
34298985096	1
34298984959	1
34298984762	1
34298984747	1
34298984447	1
34298983962	1
34298983531	1
34298983241	1
34298982945	1
34298981314	1
34298980996	1
34298980643	1
34298980564	1
34298980177	1
34298979771	1
34298979208	1
34298978390	1
34298978160	1
34298978157	1
34298978002	1
34298977805	1
34298976800	1
34298976677	1
34298976156	1
34298975957	1
34298975650	1
34298975598	1
34298975003	1
34298974545	1
34298974351	1
34298973729	1
34298973491	1
34298973146	1
34298973110	1
34298973060	1
34298972117	1
34298971682	1
34298971575	1
34298970673	1
34298969665	1
34298969469	1
34298968575	1
34298968427	1
34298968223	1
34298967569	1
34298966953	1
34298966335	1
34298964560	1
34298964537	1
34298964344	1
34298964255	1
34298963961	1
34298962918	1
34298962775	1
34298962757	1
34298961953	1
34298961386	1
34298961302	1
34298961236	1
34298960669	1
34298959497	1
34298959393	1
34298958695	1
34298958544	1
34298958394	1
34298958082	1
34298957375	1
34298956929	1
34298956918	1
34298956799	1
34298955975	1
34298955711	1
34298955324	1
34298953727	1
34298953378	1
34298951857	1
34298951373	1
34298950966	1
34298950931	1
34298950612	1
34298950448	1
34298950441	1
34298949678	1
34298949430	1
34298949029	1
34298948607	1
34298948386	1
34298947647	1
34298947286	1
34298947010	1
34298946860	1
34298946374	1
34298945390	1
34298945322	1
34298944680	1
34298944151	1
34298944084	1
34298944039	1
34298943697	1
34298943022	1
34298942754	1
34298942610	1
34298942228	1
34298942073	1
34298941708	1
34298940927	1
34298940292	1
34298939661	1
34298939650	1
34298939391	1
34298938879	1
34298938844	1
34298938492	1
34298938291	1
34298937855	1
34298937812	1
34298937733	1
34298937427	1
34298936843	1
34298936653	1
34298936232	1
34298936095	1
34298935875	1
34298935354	1
34298934961	1
34298934438	1
34298933834	1
34298933699	1
34298933405	1
34298932401	1
34298932223	1
34298931256	1
34298931199	1
34298930882	1
34298929872	1
34298929823	1
34298929151	1
34298928900	1
34298928244	1
34298927997	1
34298927410	1
34298926683	1
34298926159	1
34298924279	1
34298924026	1
34298923933	1
34298923882	1
34298922433	1
34298921598	1
34298920111	1
34298919796	1
34298919752	1
34298919691	1
34298919589	1
34298918934	1
34298918314	1
34298917383	1
34298916401	1
34298915839	1
34298915778	1
34298915608	1
34298914406	1
34298913791	1
34298913604	1
34298913268	1
34298912255	1
34298911216	1
34298910349	1
34298909901	1
34298909891	1
34298909873	1
34298907135	1
34298904575	1
34298904004	1
34298903731	1
34298903017	1
34298902528	1
34298900446	1
34298900337	1
34298898378	1
34298898029	1
34298897585	1
34298897113	1
34298896961	1
34298896222	1
34298893774	1
34298891127	1
34298890859	1
34298890239	1
34298889906	1
34298889865	1
34298888914	1
34298887823	1
34298886833	1
34298885213	1
34298884675	1
34298884607	1
34298884007	1
34298880734	1
34298880724	1
34298877951	1
34298876599	1
34298875570	1
34298875149	1
34298874548	1
34298872364	1
34298871747	1
34298870271	1
34298869425	1
34298869143	1
34298868839	1
34298868735	1
34298866794	1
34298866070	1
34298866052	1
34298865853	1
34298865151	1
34298864870	1
34298862338	1
34298861234	1
34298859207	1
34298858159	1
34298856936	1
34298856114	1
34298855943	1
34298855869	1
34298853344	1
34298851865	1
34298849944	1
34298848945	1
34298847231	1
34298846898	1
34298846207	1
34298843397	1
34298841778	1
34298837302	1
34298837251	1
34298836056	1
34298835634	1
34298835619	1
34298835455	1
34298834834	1
34298834610	1
34298834530	1
34298833586	1
34298833398	1
34298833074	1
34298832907	1
34298831940	1
34298830662	1
34298829713	1
34298829490	1
34298826751	1
34298823080	1
34298822322	1
34298821810	1
34298821798	1
34298820786	1
34298820095	1
34298816912	1
34298814130	1
34298810546	1
34298810545	1
34298809522	1
34298809343	1
34298807474	1
34298806962	1
34298806450	1
34298804402	1
34298803378	1
34298799794	1
34298799282	1
34298798591	1
34298798200	1
34298796722	1
34298794674	1
34298794162	1
34298793138	1
34298792114	1
34298792000	1
34298791090	1
34298790399	1
34298789554	1
34298789042	1
34298787036	1
34298786482	1
34298785279	1
34298783410	1
34298781183	1
34298780338	1
34298779826	1
34298779314	1
34298778802	1
34298778290	1
34298777778	1
34298777266	1
34298776242	1
34298774194	1
34298772146	1
34298770610	1
34298769982	1
34298768600	1
34298768562	1
34298768050	1
34298767871	1
34298767538	1
34298767026	1
34298766514	1
34298763801	1
34298763775	1
34298763442	1
34298762751	1
34298762418	1
34298762007	1
34298761906	1
34298760882	1
34298760370	1
34298759493	1
34298759346	1
34298758834	1
34298758655	1
34298758322	1
34298758303	1
34298757298	1
34298756293	1
34298755556	1
34298754738	1
34298750582	1
34298749618	1
34298749106	1
34298748082	1
34298746546	1
34298746034	1
34298745522	1
34298742962	1
34298738866	1
34298736111	1
34298735794	1
34298735282	1
34298734770	1
34298733234	1
34298731698	1
34298731519	1
34298730162	1
34298729650	1
34298726066	1
34298725042	1
34298720434	1
34298717362	1
34298716541	1
34298714623	1
34298713778	1
34298712242	1
34298711218	1
34298709312	1
34298706431	1
34298704383	1
34298703538	1
34298702847	1
34298700466	1
34298697727	1
34298692786	1
34298691583	1
34298690738	1
34298688690	1
34298688511	1
34298678783	1
34298678271	1
34298677247	1
34298667186	1
34298661887	1
34298652671	1
34298647039	1
34298622463	1
34298605055	1
34298500607	1
34298488319	1
34298485247	1
34298482866	1
34298482687	1
34298471935	1
34298466815	1
34298460850	1
34298457266	1
34298452479	1
34298450431	1
34298448050	1
34298444466	1
34298441906	1
34298437298	1
34298436351	1
34298436274	1
34298436095	1
34298433714	1
34298431890	1
34298431154	1
34298430642	1
34298429618	1
34298426245	1
34298425522	1
34298421426	1
34298421247	1
34298417330	1
34298416639	1
34298415830	1
34298415282	1
34298414770	1
34298413234	1
34298412736	1
34298412722	1
34298411698	1
34298411007	1
34298410162	1
34298408959	1
34298408447	1
34298408114	1
34298407423	1
34298406578	1
34298403506	1
34298402379	1
34298402303	1
34298401970	1
34298401279	1
34298399410	1
34298398898	1
34298397695	1
34298395314	1
34298394111	1
34298393778	1
34298392303	1
34298392242	1
34298390706	1
34298388991	1
34298387455	1
34298386675	1
34298383871	1
34298383538	1
34298383026	1
34298382002	1
34298381490	1
34298381268	1
34298379954	1
34298377906	1
34298376191	1
34298375346	1
34298374834	1
34298373810	1
34298373298	1
34298371762	1
34298370226	1
34298366642	1
34298365439	1
34298365106	1
34298364927	1
34298364594	1
34298363063	1
34298362879	1
34298362546	1
34298362034	1
34298361522	1
34298361010	1
34298360831	1
34298360498	1
34298358271	1
34298358107	1
34298357426	1
34298357118	1
34298356402	1
34298354866	1
34298353842	1
34298352818	1
34298351794	1
34298350770	1
34298350258	1
34298349567	1
34298346674	1
34298346630	1
34298345650	1
34298342591	1
34298342578	1
34298342066	1
34298340530	1
34298340196	1
34298339865	1
34298339506	1
34298338994	1
34298338482	1
34298337970	1
34298336946	1
34298336434	1
34298335410	1
34298334207	1
34298332473	1
34298331314	1
34298327730	1
34298327218	1
34298326706	1
34298325170	1
34298324658	1
34298323634	1
34298323122	1
34298322610	1
34298320895	1
34298320562	1
34298320079	1
34298320050	1
34298318514	1
34298318002	1
34298317823	1
34298316466	1
34298315957	1
34298314751	1
34298314418	1
34298313215	1
34298310834	1
34298306976	1
34298306738	1
34298306226	1
34298304178	1
34298303487	1
34298303154	1
34298302743	1
34298302642	1
34298301354	1
34298299139	1
34298294962	1
34298294271	1
34298293247	1
34298291711	1
34298291386	1
34298290700	1
34298290687	1
34298290175	1
34298288789	1
34298286079	1
34298285746	1
34298285591	1
34298279806	1
34298279423	1
34298278944	1
34298278536	1
34298278220	1
34298277375	1
34298276530	1
34298276423	1
34298276183	1
34298276010	1
34298274967	1
34298273759	1
34298272767	1
34298271743	1
34298269986	1
34298268930	1
34298268159	1
34298266623	1
34298265536	1
34298263400	1
34298263122	1
34298260830	1
34298256674	1
34298255611	1
34298255325	1
34298253527	1
34298251591	1
34298251573	1
34298250640	1
34298248592	1
34298247700	1
34298246953	1
34298246951	1
34298246655	1
34298244577	1
34298244227	1
34298243583	1
34298242738	1
34298240950	1
34298240511	1
34298240371	1
34298239634	1
34298238595	1
34298238567	1
34298238068	1
34298237339	1
34298236980	1
34298235592	1
34298234274	1
34298233777	1
34298233447	1
34298233206	1
34298233044	1
34298232992	1
34298232543	1
34298232149	1
34298232087	1
34298231933	1
34298229806	1
34298229759	1
34298229245	1
34298229133	1
34298228879	1
34298228789	1
34298228735	1
34298228157	1
34298227730	1
34298227710	1
34298225856	1
34298223269	1
34298223103	1
34298222721	1
34298222581	1
34298222020	1
34298221806	1
34298220031	1
34298219784	1
34298219472	1
34298217902	1
34298217274	1
34298217217	1
34298216745	1
34298215769	1
34298214152	1
34298214030	1
34298213631	1
34298213375	1
34298212916	1
34298212571	1
34298212257	1
34298212249	1
34298212092	1
34298211183	1
34298210303	1
34298209769	1
34298208767	1
34298208098	1
34298207868	1
34298207591	1
34298207572	1
34298206891	1
34298206838	1
34298205849	1
34298205244	1
34298205184	1
34298203313	1
34298203298	1
34298203135	1
34298203061	1
34298201809	1
34298201281	1
34298201087	1
34298200985	1
34298200892	1
34298200710	1
34298199638	1
34298199344	1
34298199176	1
34298199154	1
34298198158	1
34298197992	1
34298197282	1
34298197097	1
34298195660	1
34298194402	1
34298194400	1
34298194282	1
34298194206	1
34298193585	1
34298193537	1
34298193429	1
34298192895	1
34298192528	1
34298192044	1
34298191359	1
34298190653	1
34298190635	1
34298189644	1
34298188938	1
34298188905	1
34298188890	1
34298188473	1
34298187191	1
34298187099	1
34298186888	1
34298186751	1
34298186500	1
34298186310	1
34298186204	1
34298185727	1
34298185215	1
34298184661	1
34298183210	1
34298182936	1
34298182411	1
34298182173	1
34298181906	1
34298181042	1
34298180757	1
34298180497	1
34298180433	1
34298180213	1
34298179195	1
34298179145	1
34298178054	1
34298177659	1
34298177545	1
34298177498	1
34298177313	1
34298176773	1
34298176511	1
34298175999	1
34298175296	1
34298174545	1
34298174300	1
34298174165	1
34298173960	1
34298173859	1
34298172904	1
34298172133	1
34298171704	1
34298171391	1
34298171057	1
34298169864	1
34298169470	1
34298169343	1
34298169058	1
34298168890	1
34298167619	1
34298166942	1
34298165793	1
34298165743	1
34298165031	1
34298164733	1
34298164461	1
34298163272	1
34298163180	1
34298162649	1
34298162444	1
34298162339	1
34298162260	1
34298162104	1
34298161983	1
34298160793	1
34298160230	1
34298160195	1
34298160059	1
34298160042	1
34298159922	1
34298159664	1
34298159494	1
34298158241	1
34298157745	1
34298157583	1
34298156889	1
34298156826	1
34298155891	1
34298154491	1
34298154272	1
34298154196	1
34298154114	1
34298154100	1
34298153542	1
34298153002	1
34298152002	1
34298151468	1
34298150798	1
34298150449	1
34298150386	1
34298150246	1
34298149871	1
34298149490	1
34298149346	1
34298149155	1
34298149029	1
34298148959	1
34298148894	1
34298148223	1
34298148112	1
34298147988	1
34298147594	1
34298147327	1
34298146936	1
34298146641	1
34298145996	1
34298145267	1
34298145168	1
34298144826	1
34298144795	1
34298144157	1
34298143235	1
34298142973	1
34298142719	1
34298142630	1
34298142362	1
34298140972	1
34298140966	1
34298140763	1
34298140591	1
34298140561	1
34298140213	1
34298139997	1
34298139850	1
34298139814	1
34298139375	1
34298138777	1
34298138161	1
34298137860	1
34298137806	1
34298136532	1
34298136289	1
34298136220	1
34298136086	1
34298135384	1
34298134738	1
34298134689	1
34298134193	1
34298133805	1
34298133404	1
34298133187	1
34298132925	1
34298132697	1
34298132387	1
34298132346	1
34298131985	1
34298131639	1
34298131621	1
34298131553	1
34298131455	1
34298131282	1
34298130740	1
34298129739	1
34298129652	1
34298129433	1
34298129407	1
34298128854	1
34298128789	1
34298128634	1
34298128383	1
34298128352	1
34298128068	1
34298127709	1
34298127653	1
34298127202	1
34298127126	1
34298126335	1
34298126313	1
34298125783	1
34298125273	1
34298125270	1
34298124975	1
34298124618	1
34298124413	1
34298123867	1
34298123856	1
34298123775	1
34298123424	1
34298123225	1
34298123209	1
34298122751	1
34298122677	1
34298122546	1
34298122169	1
34298122012	1
34298121974	1
34298121935	1
34298121813	1
34298121574	1
34298121336	1
34298120713	1
34298120483	1
34298120059	1
34298119431	1
34298119038	1
34298118685	1
34298117948	1
34298117788	1
34298117616	1
34298117537	1
34298117530	1
34298115191	1
34298114968	1
34298114857	1
34298114382	1
34298114047	1
34298113908	1
34298113836	1
34298113778	1
34298113535	1
34298113376	1
34298113053	1
34298112511	1
34298112366	1
34298112186	1
34298111984	1
34298111973	1
34298111661	1
34298111654	1
34298111649	1
34298111554	1
34298111498	1
34298111487	1
34298111427	1
34298111177	1
34298111153	1
34298111082	1
34298110972	1
34298110951	1
34298109812	1
34298109731	1
34298109658	1
34298109649	1
34298109373	1
34298109089	1
34298108927	1
34298108838	1
34298108543	1
34298108412	1
34298108293	1
34298108173	1
34298107903	1
34298107608	1
34298107437	1
34298107391	1
34298106655	1
34298105128	1
34298104939	1
34298104479	1
34298104450	1
34298104123	1
34298103354	1
34298102925	1
34298102783	1
34298102583	1
34298101685	1
34298101656	1
34298100844	1
34298100585	1
34298100243	1
34298099997	1
34298099134	1
34298099038	1
34298098380	1
34298097887	1
34298097738	1
34298097370	1
34298097247	1
34298097150	1
34298096763	1
34298096761	1
34298096702	1
34298096668	1
34298095980	1
34298095888	1
34298094850	1
34298094596	1
34298094591	1
34298094231	1
34298093673	1
34298093140	1
34298092792	1
34298092499	1
34298092300	1
34298091519	1
34298091408	1
34298091366	1
34298091022	1
34298091010	1
34298090559	1
34298089841	1
34298089439	1
34298089410	1
34298089348	1
34298089307	1
34298089024	1
34298088926	1
34298088640	1
34298088016	1
34298087862	1
34298087794	1
34298087529	1
34298087140	1
34298087076	1
34298086574	1
34298085823	1
34298084876	1
34298084819	1
34298084785	1
34298084547	1
34298084405	1
34298084147	1
34298084021	1
34298083885	1
34298083839	1
34298083757	1
34298083583	1
34298083503	1
34298083425	1
34298082987	1
34298082852	1
34298081737	1
34298081254	1
34298081198	1
34298081170	1
34298080507	1
34298080291	1
34298080267	1
34298080174	1
34298079487	1
34298079447	1
34298079388	1
34298079366	1
34298078725	1
34298078677	1
34298078664	1
34298077845	1
34298077675	1
34298077358	1
34298077183	1
34298076671	1
34298076606	1
34298075409	1
34298075195	1
34298075139	1
34298074606	1
34298074410	1
34298074092	1
34298074035	1
34298074029	1
34298073611	1
34298073153	1
34298072849	1
34298072548	1
34298072063	1
34298071961	1
34298071684	1
34298071438	1
34298071364	1
34298071081	1
34298071058	1
34298071040	1
34298070935	1
34298070796	1
34298070795	1
34298070744	1
34298070705	1
34298070527	1
34298070517	1
34298070409	1
34298068522	1
34298068479	1
34298068341	1
34298067747	1
34298067577	1
34298067543	1
34298067517	1
34298066465	1
34298066431	1
34298066354	1
34298066230	1
34298065768	1
34298065551	1
34298064947	1
34298064769	1
34298064382	1
34298064376	1
34298064276	1
34298063817	1
34298063652	1
34298063643	1
34298063253	1
34298062291	1
34298062182	1
34298062167	1
34298061750	1
34298061551	1
34298061485	1
34298061052	1
34298059953	1
34298059734	1
34298059637	1
34298058970	1
34298058867	1
34298058598	1
34298058558	1
34298058422	1
34298058420	1
34298058323	1
34298058000	1
34298057553	1
34298057505	1
34298057058	1
34298056941	1
34298056629	1
34298056572	1
34298056502	1
34298056487	1
34298056267	1
34298055651	1
34298055230	1
34298055155	1
34298054540	1
34298054073	1
34298054062	1
34298054054	1
34298053759	1
34298053644	1
34298053310	1
34298053119	1
34298053012	1
34298052633	1
34298051987	1
34298051531	1
34298051086	1
34298051073	1
34298050411	1
34298050189	1
34298049023	1
34298048995	1
34298048985	1
34298048777	1
34298048470	1
34298048414	1
34298048208	1
34298047995	1
34298047638	1
34298047429	1
34298047145	1
34298045795	1
34298045773	1
34298045706	1
34298045494	1
34298045420	1
34298045106	1
34285060026	1
34285059158	1
34285056595	1
34285056560	1
34285056559	1
34285056558	1
34285051093	1
34285043751	1
34285043723	1
34285043717	1
34285026928	1
34282403310	1
34282356752	1
34282356743	1
34282340438	1
34282340407	1
34282340402	1
34282340376	1
34282323968	1
34281471491	1
34281162760	1
34252289021	1
34252288493	1
34252283635	1
34252283626	1
34252251174	1
34252211824	1
34252210960	1
34252210776	1
34252210773	1
34217836438	1
34217803783	1
34217803778	1
34105940805	1
34105936919	1
34105936543	1
34105922835	1
34105910057	1
34105910049	1
34105868560	1
34105868426	1
34105868386	1
34105844852	1
34105819143	1
34105792583	1
34105792582	1
34105788485	1
34105702397	1
34105694201	1
34105492473	1
34105460217	1
34105147660	1
34105098255	1
34105049090	1
23134425590	1
23107611553	1
23047389918	1
23047389908	1
23047389794	1
23047389741	1
23047389724	1
23047389723	1
23047386178	1
23042823830	1
23005024901	1
23005024396	1
23005024194	1
23005024192	1
23005022736	1
23005021582	1
23005021196	1
23005021168	1
23005021149	1
23005021147	1
23005021117	1
23005018288	1
23005018253	1
23005018186	1
23005018185	1
23005017989	1
23005017920	1
23005017649	1
23005017643	1
23005017468	1
23005016627	1
23005016521	1
23003028340	1
23003027666	1
23003027036	1
23003026739	1
23003026329	1
23003026305	1
23003025806	1
23003025590	1
23003025527	1
23003025516	1
23003025424	1
23003024001	1
23003023998	1
23003023995	1
23003023907	1
23003023746	1
23003023623	1
23003023505	1
23003023437	1
23003023381	1
23003023283	1
23003023280	1
23003023276	1
23003023263	1
23003023164	1
23003023120	1
23003023078	1
23003023051	1
23003023007	1
23003022962	1
23003022918	1
23003022833	1
23003022025	1
23003021935	1
23003021867	1
23003021847	1
23003021841	1
23003021839	1
23003021812	1
23003021803	1
23003021786	1
23003021761	1
23003021668	1
23003021611	1
23003021585	1
23003021548	1
23003021540	1
23003021535	1
23003021491	1
23003021480	1
23003021442	1
23003021355	1
23003021305	1
23003021267	1
23003021230	1
23003021220	1
23003021139	1
23003021134	1
23003021111	1
23003021095	1
23003021052	1
23003019512	1
23003019499	1
23003019097	1
23003018656	1
23003018655	1
23003018622	1
23003018608	1
23003018564	1
23003018541	1
23003018374	1
23003018348	1
23003018233	1
23003018207	1
23003017758	1
23003017698	1
23003017514	1
23003017430	1
23003017410	1
23003017383	1
23003017372	1
23003017342	1
23003017337	1
23003017333	1
23003017189	1
23003017171	1
23003017149	1
23003017137	1
23003017129	1
23003017126	1
23003017117	1
23003017116	1
23003017067	1
23003016992	1
23003016965	1
23003016754	1
23003016727	1
23003016722	1
23003016613	1
23003016589	1
23003016501	1
23003016500	1
23003016458	1
23003016456	1
23003016427	1
23003016421	1
23003016408	1
23003016393	1
23003016328	1
23003016317	1
23003016314	1
23003016259	1
23003016203	1
23003016169	1
23003016161	1
23003016159	1
23003016107	1
23003016085	1
23003016048	1
23003016018	1
23003016003	1
23003015996	1
23003015963	1
23003015950	1
23003015874	1
23003015826	1
23003015809	1
23003015701	1
23003015676	1
23003015521	1
23003015466	1
23003015439	1
23003015405	1
23003015380	1
23003015372	1
23003015356	1
23003015325	1
23003015315	1
23003015304	1
23003015276	1
23003015209	1
23003015201	1
23003015200	1
23003015072	1
23003015040	1
23003015038	1
23003015017	1
23003015013	1
23003014997	1
23003014618	1
23003014230	1
23003014196	1
23003014195	1
23003014153	1
23003014139	1
23003014103	1
23003014099	1
23003014072	1
23003014003	1
23003014000	1
23003013997	1
23003013984	1
23003013959	1
23003013887	1
23003013879	1
23003013826	1
23003013363	1
23003013361	1
23003013343	1
23003012640	1
23003012627	1
23003012602	1
23003012595	1
23003012589	1
23003012537	1
23003012532	1
23003012444	1
22967534598	1
22967534578	1
22967534575	1
22967534571	1
22967534562	1
22967534559	1
22967534554	1
22967533823	1
15362651178	1
15362651163	1
15362651153	1
15362651152	1
15362651147	1
15362651145	1
14539463423	1
14539463421	1
14539463420	1
14539463416	1
14539463408	1
14539463407	1
14539463395	1
14539463386	1
14539463384	1
14539463368	1
14539463360	1
14539463349	1
14539463338	1
14539463335	1
14539463334	1
14539463321	1
14539463309	1
14539463306	1
14539463246	1
14539463208	1
14539463181	1
13756552089	1
13542224382	1
13542224381	1
13542224380	1
13542224376	1
13542224368	1
13542224367	1
13542224343	1
13542224325	1
13542224323	1
13542224292	1
13542224284	1
13542224277	1
13542224273	1
13542224269	1
13542224266	1
13542224260	1
13542224221	1
13542224201	1
13542224182	1
13542224180	1
13542224167	1
13542224166	1
13542224156	1
13542224155	1
13542224151	1
13542224150	1
13542224142	1
13319262479	1
13319262464	1
13295036166	1
12723101341	1
12723101335	1
12621576216	1
12621576212	1
12621576202	1
12621576194	1
11975059754	1
11661047693	1
11661047686	1
11661047683	1
11661047682	1
11661047681	1
11614572145	1
11614572138	1
11614572099	1
11614572097	1
11523512831	1
11523512829	1
11523512828	1
11523512814	1
11523512811	1
11523512801	1
11523512791	1
11523512787	1
11523512783	1
11523512773	1
11523512770	1
11523512753	1
11523512752	1
11523512751	1
11523512746	1
11523512745	1
11523512736	1
11523512716	1
11523512688	1
11523512679	1
11523512666	1
11523512619	1
11523512606	1
11523512577	1
10643318000	1
10643317993	1
10479323180	1
10479323164	1
10479323146	1
10402414366	1
10402414356	1
10402414355	1
10402414354	1
